0 0.71875 0.49038461538461536 0.15625 0.30288461538461536
0 0.43028846153846156 0.49278846153846156 0.12860576923076922 0.32211538461538464
0 0.25600961538461536 0.4951923076923077 0.1502403846153846 0.3401442307692308
0 0.5745192307692307 0.49759615384615385 0.12740384615384615 0.3088942307692308
0 0.7752403846153846 0.7632211538461539 0.13341346153846154 0.32091346153846156
0 0.35336538461538464 0.7788461538461539 0.13581730769230768 0.31971153846153844
0 0.20072115384615385 0.7884615384615384 0.15264423076923078 0.33052884615384615
0 0.6358173076923077 0.7896634615384616 0.13581730769230768 0.3161057692307692
0 0.5012019230769231 0.7908653846153846 0.12740384615384615 0.31490384615384615
0 0.33533653846153844 0.17427884615384615 0.16346153846153846 0.3449519230769231
0 0.5144230769230769 0.1778846153846154 0.13942307692307693 0.3473557692307692
0 0.6646634615384616 0.18028846153846154 0.14182692307692307 0.3605769230769231